# Made in Blockbench 4.10.1
mtllib salvage1.mtl

o cube
v 0.5358159209228366 -0.4031221505804131 0.625
v 0.5358159209228366 -0.4031221505804131 -0.625
v 0.49240387650610407 -0.6493240888334652 0.625
v 0.49240387650610407 -0.6493240888334652 -0.625
v -0.2027898938363194 -0.2728860173302154 -0.625
v -0.2027898938363194 -0.2728860173302154 0.625
v -0.24620193825305198 -0.5190879555832674 -0.625
v -0.24620193825305198 -0.5190879555832674 0.625
vt 0.3125 0.6875
vt 0.5 0.6875
vt 0.5 0.625
vt 0.3125 0.625
vt 0 0.6875
vt 0.3125 0.6875
vt 0.3125 0.625
vt 0 0.625
vt 0.8125 0.6875
vt 1 0.6875
vt 1 0.625
vt 0.8125 0.625
vt 0.5 0.6875
vt 0.8125 0.6875
vt 0.8125 0.625
vt 0.5 0.625
vt 0.5 0.6875
vt 0.3125 0.6875
vt 0.3125 1
vt 0.5 1
vt 0.6875 1
vt 0.5 1
vt 0.5 0.6875
vt 0.6875 0.6875
vn 0 0 -1
vn 0.984807753012208 -0.17364817766693033 0
vn 0 0 1
vn -0.984807753012208 0.17364817766693033 0
vn 0.17364817766693033 0.984807753012208 0
vn -0.17364817766693033 -0.984807753012208 0
usemtl m_2d3baf44-6d5e-3a92-d3b2-cda33f413ba8
f 4/4/1 7/3/1 5/2/1 2/1/1
f 3/8/2 4/7/2 2/6/2 1/5/2
f 8/12/3 3/11/3 1/10/3 6/9/3
f 7/16/4 8/15/4 6/14/4 5/13/4
f 6/20/5 1/19/5 2/18/5 5/17/5
f 7/24/6 4/23/6 3/22/6 8/21/6
o cube
v -0.2423916189475624 -0.3770391354087086 0.6066941738241591
v -0.3390794291336747 -0.38549822270113976 0.2444719889657586
v -0.23149715110410513 -0.5015634726701768 0.6066941738241591
v -0.32818496129021746 -0.5100225599626079 0.2444719889657586
v -0.6999232492208216 -0.41706796626215326 0.3415291308792039
v -0.6032354390347092 -0.4086088789697221 0.7037513157376045
v -0.6890287813773643 -0.5415923035236214 0.3415291308792039
v -0.592340971191252 -0.5331332162311903 0.7037513157376045
vt 0.4375 0.5
vt 0.53125 0.5
vt 0.53125 0.46875
vt 0.4375 0.46875
vt 0.34375 0.5
vt 0.4375 0.5
vt 0.4375 0.46875
vt 0.34375 0.46875
vt 0.625 0.5
vt 0.71875 0.5
vt 0.71875 0.46875
vt 0.625 0.46875
vt 0.53125 0.5
vt 0.625 0.5
vt 0.625 0.46875
vt 0.53125 0.46875
vt 0.53125 0.5
vt 0.4375 0.5
vt 0.4375 0.59375
vt 0.53125 0.59375
vt 0.625 0.59375
vt 0.53125 0.59375
vt 0.53125 0.5
vt 0.625 0.5
vn -0.25783416049629954 -0.022557566113149824 -0.9659258262890683
vn 0.9622501868990584 0.08418598282936918 -0.2588190451025208
vn 0.25783416049629954 0.022557566113149824 0.9659258262890683
vn -0.9622501868990584 -0.08418598282936918 0.2588190451025208
vn -0.0871557427476582 0.9961946980917457 3.469446951953615e-17
vn 0.0871557427476582 -0.9961946980917457 -3.469446951953615e-17
usemtl m_2d3baf44-6d5e-3a92-d3b2-cda33f413ba8
f 12/28/7 15/27/7 13/26/7 10/25/7
f 11/32/8 12/31/8 10/30/8 9/29/8
f 16/36/9 11/35/9 9/34/9 14/33/9
f 15/40/10 16/39/10 14/38/10 13/37/10
f 14/44/11 9/43/11 10/42/11 13/41/11
f 15/48/12 12/47/12 11/46/12 16/45/12
o cube
v -0.29334705825728974 -0.4352100793916878 -0.14938246769242297
v -0.5624394306660979 -0.48631623860564854 -0.405512230902005
v -0.2917844247289586 -0.5580889624838982 -0.12650587995589557
v -0.5608767971377668 -0.6091951216978588 -0.3826356431654776
v -0.9106215508261071 -0.4249223366211622 -0.05195884030873099
v -0.641529178417299 -0.37381617740720147 0.20417092290085104
v -0.9090589172977761 -0.5478012197133725 -0.029082252572203593
v -0.6399665448889678 -0.4966950604994118 0.22704751063737838
vt 0.09375 0.53125
vt 0.21875 0.53125
vt 0.21875 0.5
vt 0.09375 0.5
vt 0 0.53125
vt 0.09375 0.53125
vt 0.09375 0.5
vt 0 0.5
vt 0.3125 0.53125
vt 0.4375 0.53125
vt 0.4375 0.5
vt 0.3125 0.5
vt 0.21875 0.53125
vt 0.3125 0.53125
vt 0.3125 0.5
vt 0.21875 0.5
vt 0.21875 0.53125
vt 0.09375 0.53125
vt 0.09375 0.625
vt 0.21875 0.625
vt 0.34375 0.625
vt 0.21875 0.625
vt 0.21875 0.53125
vt 0.34375 0.53125
vn -0.7175796597568219 -0.1362830912372285 -0.6830127018922189
vn 0.6963642403200184 -0.12278780396897275 -0.707106781186548
vn 0.7175796597568219 0.1362830912372285 0.6830127018922189
vn -0.6963642403200184 0.12278780396897275 0.707106781186548
vn -0.012501068226649151 0.983031064737683 -0.18301270189221924
vn 0.012501068226649151 -0.983031064737683 0.18301270189221924
usemtl m_2d3baf44-6d5e-3a92-d3b2-cda33f413ba8
f 20/52/13 23/51/13 21/50/13 18/49/13
f 19/56/14 20/55/14 18/54/14 17/53/14
f 24/60/15 19/59/15 17/58/15 22/57/15
f 23/64/16 24/63/16 22/62/16 21/61/16
f 22/68/17 17/67/17 18/66/17 21/65/17
f 23/72/18 20/71/18 19/70/18 24/69/18
o cube
v 0.5444690890331789 0.005875559602344649 0.814779886694327
v 0.5500870209741224 0.03773643488286704 0.6940391584081937
v 0.46060345928491864 -0.4697500616797542 0.6853703641430666
v 0.46622139122586215 -0.4378891863992318 0.5646296358569334
v 0.3038850827210704 0.08114847929959956 0.6940391584081937
v 0.298267150780127 0.04928760401907728 0.814779886694327
v 0.22001945297281011 -0.3944771419824992 0.5646296358569334
v 0.21440152103186672 -0.42633801726302156 0.6853703641430666
vt 0.03125 0.96875
vt 0.09375 0.96875
vt 0.09375 0.84375
vt 0.03125 0.84375
vt 0 0.96875
vt 0.03125 0.96875
vt 0.03125 0.84375
vt 0 0.84375
vt 0.125 0.96875
vt 0.1875 0.96875
vt 0.1875 0.84375
vt 0.125 0.84375
vt 0.09375 0.96875
vt 0.125 0.96875
vt 0.125 0.84375
vt 0.09375 0.84375
vt 0.09375 0.96875
vt 0.03125 0.96875
vt 0.03125 1
vt 0.09375 1
vt 0.15625 1
vt 0.09375 1
vt 0.09375 0.96875
vt 0.15625 0.96875
vn 0.04494345552754778 0.2548870022441788 -0.9659258262890684
vn 0.984807753012208 -0.17364817766693036 0
vn -0.04494345552754778 -0.2548870022441788 0.9659258262890684
vn -0.984807753012208 0.17364817766693036 0
vn 0.16773125949652065 0.9512512425641979 0.25881904510252074
vn -0.16773125949652065 -0.9512512425641979 -0.25881904510252074
usemtl m_2d3baf44-6d5e-3a92-d3b2-cda33f413ba8
f 28/76/19 31/75/19 29/74/19 26/73/19
f 27/80/20 28/79/20 26/78/20 25/77/20
f 32/84/21 27/83/21 25/82/21 30/81/21
f 31/88/22 32/87/22 30/86/22 29/85/22
f 30/92/23 25/91/23 26/90/23 29/89/23
f 31/96/24 28/95/24 27/94/24 32/93/24