# Made in Blockbench 4.10.3
mtllib reaper.mtl

o cube
v 0.375 0.4375 1
v 0.375 0.4375 -1
v 0.375 -0.4375 1
v 0.375 -0.4375 -1
v -0.375 0.4375 -1
v -0.375 0.4375 1
v -0.375 -0.4375 -1
v -0.375 -0.4375 1
vt 0.125 0.875
vt 0.171875 0.875
vt 0.171875 0.8203125
vt 0.125 0.8203125
vt 0 0.875
vt 0.125 0.875
vt 0.125 0.8203125
vt 0 0.8203125
vt 0.296875 0.875
vt 0.34375 0.875
vt 0.34375 0.8203125
vt 0.296875 0.8203125
vt 0.171875 0.875
vt 0.296875 0.875
vt 0.296875 0.8203125
vt 0.171875 0.8203125
vt 0.171875 0.875
vt 0.125 0.875
vt 0.125 1
vt 0.171875 1
vt 0.21875 1
vt 0.171875 1
vt 0.171875 0.875
vt 0.21875 0.875
vn 0 0 -1
vn 1 0 0
vn 0 0 1
vn -1 0 0
vn 0 1 0
vn 0 -1 0
usemtl m_93b3682e-30aa-9dd5-c4d4-1af8637d943b
f 4/4/1 7/3/1 5/2/1 2/1/1
f 3/8/2 4/7/2 2/6/2 1/5/2
f 8/12/3 3/11/3 1/10/3 6/9/3
f 7/16/4 8/15/4 6/14/4 5/13/4
f 6/20/5 1/19/5 2/18/5 5/17/5
f 7/24/6 4/23/6 3/22/6 8/21/6
o cube
v 0.5625 0.125 0.75
v 0.5625 0.125 -0.25
v 0.5625 -0.5 0.75
v 0.5625 -0.5 -0.25
v -0.5625 0.125 -0.25
v -0.5625 0.125 0.75
v -0.5625 -0.5 -0.25
v -0.5625 -0.5 0.75
vt 0.328125 0.6484375
vt 0.3984375 0.6484375
vt 0.3984375 0.609375
vt 0.328125 0.609375
vt 0.265625 0.6484375
vt 0.328125 0.6484375
vt 0.328125 0.609375
vt 0.265625 0.609375
vt 0.4609375 0.6484375
vt 0.53125 0.6484375
vt 0.53125 0.609375
vt 0.4609375 0.609375
vt 0.3984375 0.6484375
vt 0.4609375 0.6484375
vt 0.4609375 0.609375
vt 0.3984375 0.609375
vt 0.3984375 0.6484375
vt 0.328125 0.6484375
vt 0.328125 0.7109375
vt 0.3984375 0.7109375
vt 0.46875 0.7109375
vt 0.3984375 0.7109375
vt 0.3984375 0.6484375
vt 0.46875 0.6484375
vn 0 0 -1
vn 1 0 0
vn 0 0 1
vn -1 0 0
vn 0 1 0
vn 0 -1 0
usemtl m_93b3682e-30aa-9dd5-c4d4-1af8637d943b
f 12/28/7 15/27/7 13/26/7 10/25/7
f 11/32/8 12/31/8 10/30/8 9/29/8
f 16/36/9 11/35/9 9/34/9 14/33/9
f 15/40/10 16/39/10 14/38/10 13/37/10
f 14/44/11 9/43/11 10/42/11 13/41/11
f 15/48/12 12/47/12 11/46/12 16/45/12
o cube
v 0.4375 0.5457531754730547 0
v 0.4375 0.5457531754730547 -1
v 0.375 0.4375 0
v 0.375 0.4375 -1
v 0.4375 0.5457531754730547 -1
v 0.4375 0.5457531754730547 0
v 0.375 0.4375 -1
v 0.375 0.4375 0
vt 0.0625 0.90234375
vt 0.0625 0.90234375
vt 0.0625 0.89453125
vt 0.0625 0.89453125
vt 0 0.90234375
vt 0.0625 0.90234375
vt 0.0625 0.89453125
vt 0 0.89453125
vt 0.125 0.90234375
vt 0.125 0.90234375
vt 0.125 0.89453125
vt 0.125 0.89453125
vt 0.0625 0.90234375
vt 0.125 0.90234375
vt 0.125 0.89453125
vt 0.0625 0.89453125
vt 0.0625 0.90234375
vt 0.0625 0.90234375
vt 0.0625 0.96484375
vt 0.0625 0.96484375
vt 0.0625 0.96484375
vt 0.0625 0.96484375
vt 0.0625 0.90234375
vt 0.0625 0.90234375
vn 0 0 -1
vn 0.8660254037844387 -0.49999999999999994 0
vn 0 0 1
vn -0.8660254037844387 0.49999999999999994 0
vn 0.49999999999999994 0.8660254037844387 0
vn -0.49999999999999994 -0.8660254037844387 0
usemtl m_93b3682e-30aa-9dd5-c4d4-1af8637d943b
f 20/52/13 23/51/13 21/50/13 18/49/13
f 19/56/14 20/55/14 18/54/14 17/53/14
f 24/60/15 19/59/15 17/58/15 22/57/15
f 23/64/16 24/63/16 22/62/16 21/61/16
f 22/68/17 17/67/17 18/66/17 21/65/17
f 23/72/18 20/71/18 19/70/18 24/69/18
o cube
v -0.4375 0.5457531754730547 0
v -0.4375 0.5457531754730547 -1
v -0.375 0.4375 0
v -0.375 0.4375 -1
v -0.4375 0.5457531754730547 -1
v -0.4375 0.5457531754730547 0
v -0.375 0.4375 -1
v -0.375 0.4375 0
vt 0.0625 0.90234375
vt 0.0625 0.90234375
vt 0.0625 0.89453125
vt 0.0625 0.89453125
vt 0.125 0.90234375
vt 0.0625 0.90234375
vt 0.0625 0.89453125
vt 0.125 0.89453125
vt 0.125 0.90234375
vt 0.125 0.90234375
vt 0.125 0.89453125
vt 0.125 0.89453125
vt 0.0625 0.90234375
vt 0 0.90234375
vt 0 0.89453125
vt 0.0625 0.89453125
vt 0.0625 0.90234375
vt 0.0625 0.90234375
vt 0.0625 0.96484375
vt 0.0625 0.96484375
vt 0.0625 0.96484375
vt 0.0625 0.96484375
vt 0.0625 0.90234375
vt 0.0625 0.90234375
vn 0 0 -1
vn 0.8660254037844387 0.49999999999999994 0
vn 0 0 1
vn -0.8660254037844387 -0.49999999999999994 0
vn -0.49999999999999994 0.8660254037844387 0
vn 0.49999999999999994 -0.8660254037844387 0
usemtl m_93b3682e-30aa-9dd5-c4d4-1af8637d943b
f 28/76/19 31/75/19 29/74/19 26/73/19
f 27/80/20 28/79/20 26/78/20 25/77/20
f 32/84/21 27/83/21 25/82/21 30/81/21
f 31/88/22 32/87/22 30/86/22 29/85/22
f 30/92/23 25/91/23 26/90/23 29/89/23
f 31/96/24 28/95/24 27/94/24 32/93/24
o cube
v 0.28125 0.375 1.5
v 0.28125 0.375 1
v 0.28125 -0.1875 1.5
v 0.28125 -0.1875 1
v -0.28125 0.375 1
v -0.28125 0.375 1.5
v -0.28125 -0.1875 1
v -0.28125 -0.1875 1.5
vt 0.4375 0.890625
vt 0.47265625 0.890625
vt 0.47265625 0.85546875
vt 0.4375 0.85546875
vt 0.40625 0.890625
vt 0.4375 0.890625
vt 0.4375 0.85546875
vt 0.40625 0.85546875
vt 0.50390625 0.890625
vt 0.5390625 0.890625
vt 0.5390625 0.85546875
vt 0.50390625 0.85546875
vt 0.47265625 0.890625
vt 0.50390625 0.890625
vt 0.50390625 0.85546875
vt 0.47265625 0.85546875
vt 0.47265625 0.890625
vt 0.4375 0.890625
vt 0.4375 0.921875
vt 0.47265625 0.921875
vt 0.5078125 0.921875
vt 0.47265625 0.921875
vt 0.47265625 0.890625
vt 0.5078125 0.890625
vn 0 0 -1
vn 1 0 0
vn 0 0 1
vn -1 0 0
vn 0 1 0
vn 0 -1 0
usemtl m_93b3682e-30aa-9dd5-c4d4-1af8637d943b
f 36/100/25 39/99/25 37/98/25 34/97/25
f 35/104/26 36/103/26 34/102/26 33/101/26
f 40/108/27 35/107/27 33/106/27 38/105/27
f 39/112/28 40/111/28 38/110/28 37/109/28
f 38/116/29 33/115/29 34/114/29 37/113/29
f 39/120/30 36/119/30 35/118/30 40/117/30
o cube
v 0.125 0.7848147338598679 1.7102904741457978
v 0.125 0.8818718757733133 1.3480682892873974
v 0.125 0 1.5
v 0.125 0.09705714191344528 1.1377778151415994
v -0.125 0.8818718757733133 1.3480682892873974
v -0.125 0.7848147338598679 1.7102904741457978
v -0.125 0.09705714191344528 1.1377778151415994
v -0.125 0 1.5
vt 0.0234375 0.9765625
vt 0.0390625 0.9765625
vt 0.0390625 0.92578125
vt 0.0234375 0.92578125
vt 0 0.9765625
vt 0.0234375 0.9765625
vt 0.0234375 0.92578125
vt 0 0.92578125
vt 0.0625 0.9765625
vt 0.078125 0.9765625
vt 0.078125 0.92578125
vt 0.0625 0.92578125
vt 0.0390625 0.9765625
vt 0.0625 0.9765625
vt 0.0625 0.92578125
vt 0.0390625 0.92578125
vt 0.0390625 0.9765625
vt 0.0234375 0.9765625
vt 0.0234375 1
vt 0.0390625 1
vt 0.0546875 1
vt 0.0390625 1
vt 0.0390625 0.9765625
vt 0.0546875 0.9765625
vn 0 0.25881904510252074 -0.9659258262890683
vn 1 0 0
vn 0 -0.25881904510252074 0.9659258262890683
vn -1 0 0
vn 0 0.9659258262890683 0.25881904510252074
vn 0 -0.9659258262890683 -0.25881904510252074
usemtl m_93b3682e-30aa-9dd5-c4d4-1af8637d943b
f 44/124/31 47/123/31 45/122/31 42/121/31
f 43/128/32 44/127/32 42/126/32 41/125/32
f 48/132/33 43/131/33 41/130/33 46/129/33
f 47/136/34 48/135/34 46/134/34 45/133/34
f 46/140/35 41/139/35 42/138/35 45/137/35
f 47/144/36 44/143/36 43/142/36 48/141/36
o cube
v 0.28125 -0.1875 1.5
v 0.28125 -0.1875 1
v 0.28125 -0.375 1.5
v 0.28125 -0.375 1
v -0.28125 -0.1875 1
v -0.28125 -0.1875 1.5
v -0.28125 -0.375 1
v -0.28125 -0.375 1.5
vt 0.4296875 0.5390625
vt 0.46484375 0.5390625
vt 0.46484375 0.52734375
vt 0.4296875 0.52734375
vt 0.3984375 0.5390625
vt 0.4296875 0.5390625
vt 0.4296875 0.52734375
vt 0.3984375 0.52734375
vt 0.49609375 0.5390625
vt 0.53125 0.5390625
vt 0.53125 0.52734375
vt 0.49609375 0.52734375
vt 0.46484375 0.5390625
vt 0.49609375 0.5390625
vt 0.49609375 0.52734375
vt 0.46484375 0.52734375
vt 0.46484375 0.5390625
vt 0.4296875 0.5390625
vt 0.4296875 0.5703125
vt 0.46484375 0.5703125
vt 0.5 0.5703125
vt 0.46484375 0.5703125
vt 0.46484375 0.5390625
vt 0.5 0.5390625
vn 0 0 -1
vn 1 0 0
vn 0 0 1
vn -1 0 0
vn 0 1 0
vn 0 -1 0
usemtl m_93b3682e-30aa-9dd5-c4d4-1af8637d943b
f 52/148/37 55/147/37 53/146/37 50/145/37
f 51/152/38 52/151/38 50/150/38 49/149/38
f 56/156/39 51/155/39 49/154/39 54/153/39
f 55/160/40 56/159/40 54/158/40 53/157/40
f 54/164/41 49/163/41 50/162/41 53/161/41
f 55/168/42 52/167/42 51/166/42 56/165/42
o cube
v 0.125 -0.23382380968109245 1.4978703641430668
v 0.125 -0.29852857095672264 1.2563889075707997
v 0.125 -0.5960459945394931 1.594927506056512
v 0.125 -0.6607507558151233 1.353446049484245
v -0.125 -0.29852857095672264 1.2563889075707997
v -0.125 -0.23382380968109245 1.4978703641430668
v -0.125 -0.6607507558151233 1.353446049484245
v -0.125 -0.5960459945394931 1.594927506056512
vt 0.078125 0.92578125
vt 0.09375 0.92578125
vt 0.09375 0.90234375
vt 0.078125 0.90234375
vt 0.0625 0.92578125
vt 0.078125 0.92578125
vt 0.078125 0.90234375
vt 0.0625 0.90234375
vt 0.109375 0.92578125
vt 0.125 0.92578125
vt 0.125 0.90234375
vt 0.109375 0.90234375
vt 0.09375 0.92578125
vt 0.109375 0.92578125
vt 0.109375 0.90234375
vt 0.09375 0.90234375
vt 0.09375 0.92578125
vt 0.078125 0.92578125
vt 0.078125 0.94140625
vt 0.09375 0.94140625
vt 0.109375 0.94140625
vt 0.09375 0.94140625
vt 0.09375 0.92578125
vt 0.109375 0.92578125
vn 0 -0.25881904510252074 -0.9659258262890683
vn 1 0 0
vn 0 0.25881904510252074 0.9659258262890683
vn -1 0 0
vn 0 0.9659258262890683 -0.25881904510252074
vn 0 -0.9659258262890683 0.25881904510252074
usemtl m_93b3682e-30aa-9dd5-c4d4-1af8637d943b
f 60/172/43 63/171/43 61/170/43 58/169/43
f 59/176/44 60/175/44 58/174/44 57/173/44
f 64/180/45 59/179/45 57/178/45 62/177/45
f 63/184/46 64/183/46 62/182/46 61/181/46
f 62/188/47 57/187/47 58/186/47 61/185/47
f 63/192/48 60/191/48 59/190/48 64/189/48
o cube
v 1.2298995838081042 0.3540706173437185 1.8714186897200755
v 1.3382459872332544 0.3308662958468538 1.7201610739491509
v 1.2273889884773959 0.16849417646855347 1.8980894884181239
v 1.3357353919025465 0.14528985497168867 1.7468318726471992
v 0.31820233291861943 0.2416240397927667 1.0031905285103424
v 0.2098559294934691 0.2648283612896316 1.154448144281267
v 0.31569173758791147 0.05604759891760169 1.0298613272083905
v 0.20734533416276102 0.07925192041446649 1.1811189429793152
vt 0.41796875 0.93359375
vt 0.49609375 0.93359375
vt 0.49609375 0.921875
vt 0.41796875 0.921875
vt 0.40625 0.93359375
vt 0.41796875 0.93359375
vt 0.41796875 0.921875
vt 0.40625 0.921875
vt 0.5078125 0.93359375
vt 0.5859375 0.93359375
vt 0.5859375 0.921875
vt 0.5078125 0.921875
vt 0.49609375 0.93359375
vt 0.5078125 0.93359375
vt 0.5078125 0.921875
vt 0.49609375 0.921875
vt 0.49609375 0.93359375
vt 0.41796875 0.93359375
vt 0.41796875 0.9453125
vt 0.49609375 0.9453125
vt 0.57421875 0.9453125
vt 0.49609375 0.9453125
vt 0.49609375 0.93359375
vt 0.57421875 0.93359375
vn 0.5778474849341357 -0.12375638131661236 -0.8067072841115984
vn 0.8160349234517079 0.07139380484326961 0.5735764363510467
vn -0.5778474849341357 0.12375638131661236 0.8067072841115984
vn -0.8160349234517079 -0.07139380484326961 -0.5735764363510467
vn 0.013389841763776292 0.9897410180008801 -0.14224425972292398
vn -0.013389841763776292 -0.9897410180008801 0.14224425972292398
usemtl m_93b3682e-30aa-9dd5-c4d4-1af8637d943b
f 68/196/49 71/195/49 69/194/49 66/193/49
f 67/200/50 68/199/50 66/198/50 65/197/50
f 72/204/51 67/203/51 65/202/51 70/201/51
f 71/208/52 72/207/52 70/206/52 69/205/52
f 70/212/53 65/211/53 66/210/53 69/209/53
f 71/216/54 68/215/54 67/214/54 72/213/54
o cube
v 0.32481446767628996 0.3840568382155254 2.2145583452603623
v 1.2332625308680512 0.31257757053654 1.8027175619772908
v 0.32314073745581795 0.26033921096541535 2.232338877725728
v 1.231588800647579 0.18885994328642997 1.8204980944426565
v 1.1810396269158758 0.2971141906208643 1.6902068861087969
v 0.27259156372411486 0.3685934582998496 2.1020476693918684
v 1.179365896695404 0.17339656337075426 1.7079874185741621
v 0.27091783350364285 0.24487583104973965 2.1198282018572336
vt 0.3515625 0.546875
vt 0.359375 0.546875
vt 0.359375 0.5390625
vt 0.3515625 0.5390625
vt 0.2890625 0.546875
vt 0.3515625 0.546875
vt 0.3515625 0.5390625
vt 0.2890625 0.5390625
vt 0.421875 0.546875
vt 0.4296875 0.546875
vt 0.4296875 0.5390625
vt 0.421875 0.5390625
vt 0.359375 0.546875
vt 0.421875 0.546875
vt 0.421875 0.5390625
vt 0.359375 0.5390625
vt 0.359375 0.546875
vt 0.3515625 0.546875
vt 0.3515625 0.609375
vt 0.359375 0.609375
vt 0.3671875 0.609375
vt 0.359375 0.609375
vt 0.359375 0.546875
vt 0.3671875 0.546875
vn 0.9084480631917612 -0.0714792676789854 -0.4118407832830716
vn 0.4177832316174011 0.12370703932540615 0.9000854069479537
vn -0.9084480631917612 0.0714792676789854 0.4118407832830716
vn -0.4177832316174011 -0.12370703932540615 -0.9000854069479537
vn 0.013389841763776285 0.9897410180008801 -0.14224425972292398
vn -0.013389841763776285 -0.9897410180008801 0.14224425972292398
usemtl m_93b3682e-30aa-9dd5-c4d4-1af8637d943b
f 76/220/55 79/219/55 77/218/55 74/217/55
f 75/224/56 76/223/56 74/222/56 73/221/56
f 80/228/57 75/227/57 73/226/57 78/225/57
f 79/232/58 80/231/58 78/230/58 77/229/58
f 78/236/59 73/235/59 74/234/59 77/233/59
f 79/240/60 76/239/60 75/238/60 80/237/60
o cube
v -0.2098559294934691 0.2648283612896316 1.154448144281267
v -0.3182023329186195 0.2416240397927667 1.0031905285103424
v -0.20734533416276102 0.07925192041446649 1.1811189429793152
v -0.31569173758791147 0.05604759891760169 1.0298613272083905
v -1.3382459872332544 0.3308662958468538 1.7201610739491509
v -1.2298995838081042 0.3540706173437185 1.8714186897200755
v -1.3357353919025465 0.14528985497168867 1.7468318726471992
v -1.2273889884773959 0.16849417646855347 1.8980894884181239
vt 0.49609375 0.93359375
vt 0.41796875 0.93359375
vt 0.41796875 0.921875
vt 0.49609375 0.921875
vt 0.5078125 0.93359375
vt 0.49609375 0.93359375
vt 0.49609375 0.921875
vt 0.5078125 0.921875
vt 0.5859375 0.93359375
vt 0.5078125 0.93359375
vt 0.5078125 0.921875
vt 0.5859375 0.921875
vt 0.41796875 0.93359375
vt 0.40625 0.93359375
vt 0.40625 0.921875
vt 0.41796875 0.921875
vt 0.41796875 0.93359375
vt 0.49609375 0.93359375
vt 0.49609375 0.9453125
vt 0.41796875 0.9453125
vt 0.49609375 0.9453125
vt 0.57421875 0.9453125
vt 0.57421875 0.93359375
vt 0.49609375 0.93359375
vn -0.5778474849341357 -0.12375638131661236 -0.8067072841115984
vn 0.8160349234517079 -0.07139380484326961 -0.5735764363510467
vn 0.5778474849341357 0.12375638131661236 0.8067072841115984
vn -0.8160349234517079 0.07139380484326961 0.5735764363510467
vn -0.013389841763776292 0.9897410180008801 -0.14224425972292398
vn 0.013389841763776292 -0.9897410180008801 0.14224425972292398
usemtl m_93b3682e-30aa-9dd5-c4d4-1af8637d943b
f 84/244/61 87/243/61 85/242/61 82/241/61
f 83/248/62 84/247/62 82/246/62 81/245/62
f 88/252/63 83/251/63 81/250/63 86/249/63
f 87/256/64 88/255/64 86/254/64 85/253/64
f 86/260/65 81/259/65 82/258/65 85/257/65
f 87/264/66 84/263/66 83/262/66 88/261/66
o cube
v -0.27259156372411486 0.3685934582998496 2.1020476693918684
v -1.1810396269158758 0.2971141906208643 1.6902068861087969
v -0.27091783350364285 0.24487583104973965 2.1198282018572336
v -1.179365896695404 0.17339656337075426 1.7079874185741621
v -1.2332625308680512 0.31257757053654 1.8027175619772908
v -0.32481446767628996 0.3840568382155254 2.2145583452603623
v -1.231588800647579 0.18885994328642997 1.8204980944426565
v -0.32314073745581795 0.26033921096541535 2.232338877725728
vt 0.359375 0.546875
vt 0.3515625 0.546875
vt 0.3515625 0.5390625
vt 0.359375 0.5390625
vt 0.421875 0.546875
vt 0.359375 0.546875
vt 0.359375 0.5390625
vt 0.421875 0.5390625
vt 0.4296875 0.546875
vt 0.421875 0.546875
vt 0.421875 0.5390625
vt 0.4296875 0.5390625
vt 0.3515625 0.546875
vt 0.2890625 0.546875
vt 0.2890625 0.5390625
vt 0.3515625 0.5390625
vt 0.3515625 0.546875
vt 0.359375 0.546875
vt 0.359375 0.609375
vt 0.3515625 0.609375
vt 0.359375 0.609375
vt 0.3671875 0.609375
vt 0.3671875 0.546875
vt 0.359375 0.546875
vn -0.9084480631917612 -0.0714792676789854 -0.4118407832830716
vn 0.4177832316174011 -0.12370703932540615 -0.9000854069479537
vn 0.9084480631917612 0.0714792676789854 0.4118407832830716
vn -0.4177832316174011 0.12370703932540615 0.9000854069479537
vn -0.013389841763776285 0.9897410180008801 -0.14224425972292398
vn 0.013389841763776285 -0.9897410180008801 0.14224425972292398
usemtl m_93b3682e-30aa-9dd5-c4d4-1af8637d943b
f 92/268/67 95/267/67 93/266/67 90/265/67
f 91/272/68 92/271/68 90/270/68 89/269/68
f 96/276/69 91/275/69 89/274/69 94/273/69
f 95/280/70 96/279/70 94/278/70 93/277/70
f 94/284/71 89/283/71 90/282/71 93/281/71
f 95/288/72 92/287/72 91/286/72 96/285/72
o cube
v 1.2273889884773959 -0.16849417646855358 1.8980894884181239
v 1.3357353919025465 -0.14528985497168878 1.7468318726471992
v 1.2298995838081042 -0.3540706173437186 1.8714186897200755
v 1.3382459872332544 -0.3308662958468538 1.7201610739491509
v 0.31569173758791147 -0.05604759891760169 1.0298613272083905
v 0.20734533416276102 -0.07925192041446649 1.1811189429793154
v 0.31820233291861943 -0.24162403979276675 1.0031905285103424
v 0.20985592949346898 -0.26482836128963155 1.154448144281267
vt 0.37890625 0.59765625
vt 0.45703125 0.59765625
vt 0.45703125 0.5859375
vt 0.37890625 0.5859375
vt 0.3671875 0.59765625
vt 0.37890625 0.59765625
vt 0.37890625 0.5859375
vt 0.3671875 0.5859375
vt 0.46875 0.59765625
vt 0.546875 0.59765625
vt 0.546875 0.5859375
vt 0.46875 0.5859375
vt 0.45703125 0.59765625
vt 0.46875 0.59765625
vt 0.46875 0.5859375
vt 0.45703125 0.5859375
vt 0.45703125 0.59765625
vt 0.37890625 0.59765625
vt 0.37890625 0.609375
vt 0.45703125 0.609375
vt 0.53515625 0.609375
vt 0.45703125 0.609375
vt 0.45703125 0.59765625
vt 0.53515625 0.59765625
vn 0.5778474849341357 0.12375638131661228 -0.8067072841115984
vn 0.816034923451708 -0.07139380484326968 0.5735764363510466
vn -0.5778474849341357 -0.12375638131661228 0.8067072841115984
vn -0.816034923451708 0.07139380484326968 -0.5735764363510466
vn -0.01338984176377618 0.9897410180008802 0.14224425972292395
vn 0.01338984176377618 -0.9897410180008802 -0.14224425972292395
usemtl m_93b3682e-30aa-9dd5-c4d4-1af8637d943b
f 100/292/73 103/291/73 101/290/73 98/289/73
f 99/296/74 100/295/74 98/294/74 97/293/74
f 104/300/75 99/299/75 97/298/75 102/297/75
f 103/304/76 104/303/76 102/302/76 101/301/76
f 102/308/77 97/307/77 98/306/77 101/305/77
f 103/312/78 100/311/78 99/310/78 104/309/78
o cube
v 0.32314073745581806 -0.26033921096541535 2.232338877725728
v 1.2315888006475793 -0.18885994328643008 1.8204980944426565
v 0.3248144676762901 -0.3840568382155254 2.2145583452603628
v 1.2332625308680512 -0.31257757053654006 1.8027175619772908
v 1.179365896695404 -0.17339656337075426 1.7079874185741621
v 0.27091783350364296 -0.2448758310497396 2.119828201857234
v 1.181039626915876 -0.2971141906208643 1.6902068861087969
v 0.27259156372411497 -0.3685934582998496 2.1020476693918684
vt 0.4375 0.71875
vt 0.4453125 0.71875
vt 0.4453125 0.7109375
vt 0.4375 0.7109375
vt 0.375 0.71875
vt 0.4375 0.71875
vt 0.4375 0.7109375
vt 0.375 0.7109375
vt 0.5078125 0.71875
vt 0.515625 0.71875
vt 0.515625 0.7109375
vt 0.5078125 0.7109375
vt 0.4453125 0.71875
vt 0.5078125 0.71875
vt 0.5078125 0.7109375
vt 0.4453125 0.7109375
vt 0.4453125 0.71875
vt 0.4375 0.71875
vt 0.4375 0.78125
vt 0.4453125 0.78125
vt 0.453125 0.78125
vt 0.4453125 0.78125
vt 0.4453125 0.71875
vt 0.453125 0.71875
vn 0.9084480631917612 0.07147926767898528 -0.4118407832830716
vn 0.41778323161740133 -0.12370703932540619 0.9000854069479538
vn -0.9084480631917612 -0.07147926767898528 0.4118407832830716
vn -0.41778323161740133 0.12370703932540619 -0.9000854069479538
vn -0.01338984176377618 0.9897410180008801 0.14224425972292398
vn 0.01338984176377618 -0.9897410180008801 -0.14224425972292398
usemtl m_93b3682e-30aa-9dd5-c4d4-1af8637d943b
f 108/316/79 111/315/79 109/314/79 106/313/79
f 107/320/80 108/319/80 106/318/80 105/317/80
f 112/324/81 107/323/81 105/322/81 110/321/81
f 111/328/82 112/327/82 110/326/82 109/325/82
f 110/332/83 105/331/83 106/330/83 109/329/83
f 111/336/84 108/335/84 107/334/84 112/333/84
o cube
v -0.20734533416276102 -0.07925192041446649 1.1811189429793154
v -0.31569173758791147 -0.05604759891760169 1.0298613272083905
v -0.20985592949346904 -0.26482836128963155 1.154448144281267
v -0.3182023329186195 -0.24162403979276675 1.0031905285103424
v -1.3357353919025465 -0.14528985497168878 1.7468318726471992
v -1.2273889884773959 -0.16849417646855358 1.8980894884181239
v -1.3382459872332544 -0.3308662958468538 1.7201610739491509
v -1.2298995838081042 -0.3540706173437186 1.8714186897200755
vt 0.45703125 0.59765625
vt 0.37890625 0.59765625
vt 0.37890625 0.5859375
vt 0.45703125 0.5859375
vt 0.46875 0.59765625
vt 0.45703125 0.59765625
vt 0.45703125 0.5859375
vt 0.46875 0.5859375
vt 0.546875 0.59765625
vt 0.46875 0.59765625
vt 0.46875 0.5859375
vt 0.546875 0.5859375
vt 0.37890625 0.59765625
vt 0.3671875 0.59765625
vt 0.3671875 0.5859375
vt 0.37890625 0.5859375
vt 0.37890625 0.59765625
vt 0.45703125 0.59765625
vt 0.45703125 0.609375
vt 0.37890625 0.609375
vt 0.45703125 0.609375
vt 0.53515625 0.609375
vt 0.53515625 0.59765625
vt 0.45703125 0.59765625
vn -0.5778474849341357 0.12375638131661228 -0.8067072841115984
vn 0.816034923451708 0.07139380484326968 -0.5735764363510466
vn 0.5778474849341357 -0.12375638131661228 0.8067072841115984
vn -0.816034923451708 -0.07139380484326968 0.5735764363510466
vn 0.01338984176377618 0.9897410180008802 0.14224425972292395
vn -0.01338984176377618 -0.9897410180008802 -0.14224425972292395
usemtl m_93b3682e-30aa-9dd5-c4d4-1af8637d943b
f 116/340/85 119/339/85 117/338/85 114/337/85
f 115/344/86 116/343/86 114/342/86 113/341/86
f 120/348/87 115/347/87 113/346/87 118/345/87
f 119/352/88 120/351/88 118/350/88 117/349/88
f 118/356/89 113/355/89 114/354/89 117/353/89
f 119/360/90 116/359/90 115/358/90 120/357/90
o cube
v -0.27091783350364296 -0.2448758310497396 2.119828201857234
v -1.179365896695404 -0.17339656337075426 1.7079874185741621
v -0.27259156372411497 -0.3685934582998496 2.1020476693918684
v -1.181039626915876 -0.2971141906208643 1.6902068861087969
v -1.2315888006475793 -0.18885994328643008 1.8204980944426565
v -0.32314073745581806 -0.26033921096541535 2.232338877725728
v -1.2332625308680512 -0.31257757053654006 1.8027175619772908
v -0.3248144676762901 -0.3840568382155254 2.2145583452603628
vt 0.4453125 0.71875
vt 0.4375 0.71875
vt 0.4375 0.7109375
vt 0.4453125 0.7109375
vt 0.5078125 0.71875
vt 0.4453125 0.71875
vt 0.4453125 0.7109375
vt 0.5078125 0.7109375
vt 0.515625 0.71875
vt 0.5078125 0.71875
vt 0.5078125 0.7109375
vt 0.515625 0.7109375
vt 0.4375 0.71875
vt 0.375 0.71875
vt 0.375 0.7109375
vt 0.4375 0.7109375
vt 0.4375 0.71875
vt 0.4453125 0.71875
vt 0.4453125 0.78125
vt 0.4375 0.78125
vt 0.4453125 0.78125
vt 0.453125 0.78125
vt 0.453125 0.71875
vt 0.4453125 0.71875
vn -0.9084480631917612 0.07147926767898528 -0.4118407832830716
vn 0.41778323161740133 0.12370703932540619 -0.9000854069479538
vn 0.9084480631917612 -0.07147926767898528 0.4118407832830716
vn -0.41778323161740133 -0.12370703932540619 0.9000854069479538
vn 0.01338984176377618 0.9897410180008801 0.14224425972292398
vn -0.01338984176377618 -0.9897410180008801 -0.14224425972292398
usemtl m_93b3682e-30aa-9dd5-c4d4-1af8637d943b
f 124/364/91 127/363/91 125/362/91 122/361/91
f 123/368/92 124/367/92 122/366/92 121/365/92
f 128/372/93 123/371/93 121/370/93 126/369/93
f 127/376/94 128/375/94 126/374/94 125/373/94
f 126/380/95 121/379/95 122/378/95 125/377/95
f 127/384/96 124/383/96 123/382/96 128/381/96
o cube
v 0.3125 0.375 -1
v 0.3125 0.375 -3
v 0.3125 -0.375 -1
v 0.3125 -0.375 -3
v -0.3125 0.375 -3
v -0.3125 0.375 -1
v -0.3125 -0.375 -3
v -0.3125 -0.375 -1
vt 0.125 0.6953125
vt 0.1640625 0.6953125
vt 0.1640625 0.6484375
vt 0.125 0.6484375
vt 0 0.6953125
vt 0.125 0.6953125
vt 0.125 0.6484375
vt 0 0.6484375
vt 0.2890625 0.6953125
vt 0.328125 0.6953125
vt 0.328125 0.6484375
vt 0.2890625 0.6484375
vt 0.1640625 0.6953125
vt 0.2890625 0.6953125
vt 0.2890625 0.6484375
vt 0.1640625 0.6484375
vt 0.1640625 0.6953125
vt 0.125 0.6953125
vt 0.125 0.8203125
vt 0.1640625 0.8203125
vt 0.203125 0.8203125
vt 0.1640625 0.8203125
vt 0.1640625 0.6953125
vt 0.203125 0.6953125
vn 0 0 -1
vn 1 0 0
vn 0 0 1
vn -1 0 0
vn 0 1 0
vn 0 -1 0
usemtl m_93b3682e-30aa-9dd5-c4d4-1af8637d943b
f 132/388/97 135/387/97 133/386/97 130/385/97
f 131/392/98 132/391/98 130/390/98 129/389/98
f 136/396/99 131/395/99 129/394/99 134/393/99
f 135/400/100 136/399/100 134/398/100 133/397/100
f 134/404/101 129/403/101 130/402/101 133/401/101
f 135/408/102 132/407/102 131/406/102 136/405/102
o cube
v 0.3745289699054728 0.4833877474434457 -1.0054316753034198
v 0.27731202828394963 0.48914864478389763 -2.000678216781254
v 0.3125 0.375 -1
v 0.21528305837847683 0.38076089734045193 -1.995246541477834
v 0.27731202828394963 0.48914864478389763 -2.000678216781254
v 0.3745289699054728 0.4833877474434457 -1.0054316753034198
v 0.21528305837847683 0.38076089734045193 -1.995246541477834
v 0.3125 0.375 -1
vt 0.0625 0.90234375
vt 0.0625 0.90234375
vt 0.0625 0.89453125
vt 0.0625 0.89453125
vt 0 0.90234375
vt 0.0625 0.90234375
vt 0.0625 0.89453125
vt 0 0.89453125
vt 0.125 0.90234375
vt 0.125 0.90234375
vt 0.125 0.89453125
vt 0.125 0.89453125
vt 0.0625 0.90234375
vt 0.125 0.90234375
vt 0.125 0.89453125
vt 0.0625 0.89453125
vt 0.0625 0.90234375
vt 0.0625 0.90234375
vt 0.0625 0.96484375
vt 0.0625 0.96484375
vt 0.0625 0.96484375
vt 0.0625 0.96484375
vt 0.0625 0.90234375
vt 0.0625 0.90234375
vn -0.0972169416215232 0.005760897340451966 -0.9952465414778341
vn 0.8627299156628206 -0.498097349045873 -0.0871557427476582
vn 0.0972169416215232 -0.005760897340451966 0.9952465414778341
vn -0.8627299156628206 0.498097349045873 0.0871557427476582
vn 0.49623175924378277 0.8671019795475654 -0.043453402427357804
vn -0.49623175924378277 -0.8671019795475654 0.043453402427357804
usemtl m_93b3682e-30aa-9dd5-c4d4-1af8637d943b
f 140/412/103 143/411/103 141/410/103 138/409/103
f 139/416/104 140/415/104 138/414/104 137/413/104
f 144/420/105 139/419/105 137/418/105 142/417/105
f 143/424/106 144/423/106 142/422/106 141/421/106
f 142/428/107 137/427/107 138/426/107 141/425/107
f 143/432/108 140/431/108 139/430/108 144/429/108
o cube
v -0.37452896990547285 0.4833877474434457 -1.0054316753034198
v -0.27731202828394963 0.48914864478389763 -2.000678216781254
v -0.3125 0.375 -1
v -0.21528305837847678 0.38076089734045193 -1.995246541477834
v -0.27731202828394963 0.48914864478389763 -2.000678216781254
v -0.37452896990547285 0.4833877474434457 -1.0054316753034198
v -0.21528305837847678 0.38076089734045193 -1.995246541477834
v -0.3125 0.375 -1
vt 0.0625 0.90234375
vt 0.0625 0.90234375
vt 0.0625 0.89453125
vt 0.0625 0.89453125
vt 0.125 0.90234375
vt 0.0625 0.90234375
vt 0.0625 0.89453125
vt 0.125 0.89453125
vt 0.125 0.90234375
vt 0.125 0.90234375
vt 0.125 0.89453125
vt 0.125 0.89453125
vt 0.0625 0.90234375
vt 0 0.90234375
vt 0 0.89453125
vt 0.0625 0.89453125
vt 0.0625 0.90234375
vt 0.0625 0.90234375
vt 0.0625 0.96484375
vt 0.0625 0.96484375
vt 0.0625 0.96484375
vt 0.0625 0.96484375
vt 0.0625 0.90234375
vt 0.0625 0.90234375
vn 0.0972169416215232 0.005760897340451966 -0.9952465414778341
vn 0.8627299156628206 0.498097349045873 0.0871557427476582
vn -0.0972169416215232 -0.005760897340451966 0.9952465414778341
vn -0.8627299156628206 -0.498097349045873 -0.0871557427476582
vn -0.49623175924378277 0.8671019795475654 -0.043453402427357804
vn 0.49623175924378277 -0.8671019795475654 0.043453402427357804
usemtl m_93b3682e-30aa-9dd5-c4d4-1af8637d943b
f 148/436/109 151/435/109 149/434/109 146/433/109
f 147/440/110 148/439/110 146/438/110 145/437/110
f 152/444/111 147/443/111 145/442/111 150/441/111
f 151/448/112 152/447/112 150/446/112 149/445/112
f 150/452/113 145/451/113 146/450/113 149/449/113
f 151/456/114 148/455/114 147/454/114 152/453/114
o cube
v 0.375 0.4832531754730549 -1.75
v 0.375 0.4832531754730549 -2.75
v 0.3125 0.375 -1.75
v 0.3125 0.375 -2.75
v 0.375 0.4832531754730549 -2.75
v 0.375 0.4832531754730549 -1.75
v 0.3125 0.375 -2.75
v 0.3125 0.375 -1.75
vt 0.0625 0.90234375
vt 0.0625 0.90234375
vt 0.0625 0.89453125
vt 0.0625 0.89453125
vt 0 0.90234375
vt 0.0625 0.90234375
vt 0.0625 0.89453125
vt 0 0.89453125
vt 0.125 0.90234375
vt 0.125 0.90234375
vt 0.125 0.89453125
vt 0.125 0.89453125
vt 0.0625 0.90234375
vt 0.125 0.90234375
vt 0.125 0.89453125
vt 0.0625 0.89453125
vt 0.0625 0.90234375
vt 0.0625 0.90234375
vt 0.0625 0.96484375
vt 0.0625 0.96484375
vt 0.0625 0.96484375
vt 0.0625 0.96484375
vt 0.0625 0.90234375
vt 0.0625 0.90234375
vn 0 0 -1
vn 0.8660254037844387 -0.49999999999999994 0
vn 0 0 1
vn -0.8660254037844387 0.49999999999999994 0
vn 0.49999999999999994 0.8660254037844387 0
vn -0.49999999999999994 -0.8660254037844387 0
usemtl m_93b3682e-30aa-9dd5-c4d4-1af8637d943b
f 156/460/115 159/459/115 157/458/115 154/457/115
f 155/464/116 156/463/116 154/462/116 153/461/116
f 160/468/117 155/467/117 153/466/117 158/465/117
f 159/472/118 160/471/118 158/470/118 157/469/118
f 158/476/119 153/475/119 154/474/119 157/473/119
f 159/480/120 156/479/120 155/478/120 160/477/120
o cube
v -0.375 0.4832531754730549 -1.75
v -0.375 0.4832531754730549 -2.75
v -0.3125 0.375 -1.75
v -0.3125 0.375 -2.75
v -0.375 0.4832531754730549 -2.75
v -0.375 0.4832531754730549 -1.75
v -0.3125 0.375 -2.75
v -0.3125 0.375 -1.75
vt 0.0625 0.90234375
vt 0.0625 0.90234375
vt 0.0625 0.89453125
vt 0.0625 0.89453125
vt 0.125 0.90234375
vt 0.0625 0.90234375
vt 0.0625 0.89453125
vt 0.125 0.89453125
vt 0.125 0.90234375
vt 0.125 0.90234375
vt 0.125 0.89453125
vt 0.125 0.89453125
vt 0.0625 0.90234375
vt 0 0.90234375
vt 0 0.89453125
vt 0.0625 0.89453125
vt 0.0625 0.90234375
vt 0.0625 0.90234375
vt 0.0625 0.96484375
vt 0.0625 0.96484375
vt 0.0625 0.96484375
vt 0.0625 0.96484375
vt 0.0625 0.90234375
vt 0.0625 0.90234375
vn 0 0 -1
vn 0.8660254037844387 0.49999999999999994 0
vn 0 0 1
vn -0.8660254037844387 -0.49999999999999994 0
vn -0.49999999999999994 0.8660254037844387 0
vn 0.49999999999999994 -0.8660254037844387 0
usemtl m_93b3682e-30aa-9dd5-c4d4-1af8637d943b
f 164/484/121 167/483/121 165/482/121 162/481/121
f 163/488/122 164/487/122 162/486/122 161/485/122
f 168/492/123 163/491/123 161/490/123 166/489/123
f 167/496/124 168/495/124 166/494/124 165/493/124
f 166/500/125 161/499/125 162/498/125 165/497/125
f 167/504/126 164/503/126 163/502/126 168/501/126
o cube
v 0.3125 -0.375 -2
v 0.3125 -0.375 -3
v 0.375 -0.48325317547305485 -2
v 0.375 -0.48325317547305485 -3
v 0.3125 -0.375 -3
v 0.3125 -0.375 -2
v 0.375 -0.48325317547305485 -3
v 0.375 -0.48325317547305485 -2
vt 0.0625 0.90234375
vt 0.0625 0.90234375
vt 0.0625 0.89453125
vt 0.0625 0.89453125
vt 0 0.90234375
vt 0.0625 0.90234375
vt 0.0625 0.89453125
vt 0 0.89453125
vt 0.125 0.90234375
vt 0.125 0.90234375
vt 0.125 0.89453125
vt 0.125 0.89453125
vt 0.0625 0.90234375
vt 0.125 0.90234375
vt 0.125 0.89453125
vt 0.0625 0.89453125
vt 0.0625 0.90234375
vt 0.0625 0.90234375
vt 0.0625 0.96484375
vt 0.0625 0.96484375
vt 0.0625 0.96484375
vt 0.0625 0.96484375
vt 0.0625 0.90234375
vt 0.0625 0.90234375
vn 0 0 -1
vn 0.8660254037844387 0.49999999999999994 0
vn 0 0 1
vn -0.8660254037844387 -0.49999999999999994 0
vn -0.49999999999999994 0.8660254037844387 0
vn 0.49999999999999994 -0.8660254037844387 0
usemtl m_93b3682e-30aa-9dd5-c4d4-1af8637d943b
f 172/508/127 175/507/127 173/506/127 170/505/127
f 171/512/128 172/511/128 170/510/128 169/509/128
f 176/516/129 171/515/129 169/514/129 174/513/129
f 175/520/130 176/519/130 174/518/130 173/517/130
f 174/524/131 169/523/131 170/522/131 173/521/131
f 175/528/132 172/527/132 171/526/132 176/525/132
o cube
v -0.3125 -0.375 -2
v -0.3125 -0.375 -3
v -0.375 -0.48325317547305485 -2
v -0.375 -0.48325317547305485 -3
v -0.3125 -0.375 -3
v -0.3125 -0.375 -2
v -0.375 -0.48325317547305485 -3
v -0.375 -0.48325317547305485 -2
vt 0.0625 0.90234375
vt 0.0625 0.90234375
vt 0.0625 0.89453125
vt 0.0625 0.89453125
vt 0.125 0.90234375
vt 0.0625 0.90234375
vt 0.0625 0.89453125
vt 0.125 0.89453125
vt 0.125 0.90234375
vt 0.125 0.90234375
vt 0.125 0.89453125
vt 0.125 0.89453125
vt 0.0625 0.90234375
vt 0 0.90234375
vt 0 0.89453125
vt 0.0625 0.89453125
vt 0.0625 0.90234375
vt 0.0625 0.90234375
vt 0.0625 0.96484375
vt 0.0625 0.96484375
vt 0.0625 0.96484375
vt 0.0625 0.96484375
vt 0.0625 0.90234375
vt 0.0625 0.90234375
vn 0 0 -1
vn 0.8660254037844387 -0.49999999999999994 0
vn 0 0 1
vn -0.8660254037844387 0.49999999999999994 0
vn 0.49999999999999994 0.8660254037844387 0
vn -0.49999999999999994 -0.8660254037844387 0
usemtl m_93b3682e-30aa-9dd5-c4d4-1af8637d943b
f 180/532/133 183/531/133 181/530/133 178/529/133
f 179/536/134 180/535/134 178/534/134 177/533/134
f 184/540/135 179/539/135 177/538/135 182/537/135
f 183/544/136 184/543/136 182/542/136 181/541/136
f 182/548/137 177/547/137 178/546/137 181/545/137
f 183/552/138 180/551/138 179/550/138 184/549/138
o cube
v 0.25 0.3125 -3
v 0.25 0.3125 -5
v 0.25 -0.3125 -3
v 0.25 -0.3125 -5
v -0.25 0.3125 -5
v -0.25 0.3125 -3
v -0.25 -0.3125 -5
v -0.25 -0.3125 -3
vt 0.34375 0.8203125
vt 0.375 0.8203125
vt 0.375 0.78125
vt 0.34375 0.78125
vt 0.21875 0.8203125
vt 0.34375 0.8203125
vt 0.34375 0.78125
vt 0.21875 0.78125
vt 0.5 0.8203125
vt 0.53125 0.8203125
vt 0.53125 0.78125
vt 0.5 0.78125
vt 0.375 0.8203125
vt 0.5 0.8203125
vt 0.5 0.78125
vt 0.375 0.78125
vt 0.375 0.8203125
vt 0.34375 0.8203125
vt 0.34375 0.9453125
vt 0.375 0.9453125
vt 0.40625 0.9453125
vt 0.375 0.9453125
vt 0.375 0.8203125
vt 0.40625 0.8203125
vn 0 0 -1
vn 1 0 0
vn 0 0 1
vn -1 0 0
vn 0 1 0
vn 0 -1 0
usemtl m_93b3682e-30aa-9dd5-c4d4-1af8637d943b
f 188/556/139 191/555/139 189/554/139 186/553/139
f 187/560/140 188/559/140 186/558/140 185/557/140
f 192/564/141 187/563/141 185/562/141 190/561/141
f 191/568/142 192/567/142 190/566/142 189/565/142
f 190/572/143 185/571/143 186/570/143 189/569/143
f 191/576/144 188/575/144 187/574/144 192/573/144
o cube
v 0.25 0.4207531754730549 -3
v 0.25 0.4207531754730549 -4.5
v 0.1875 0.3125 -3
v 0.1875 0.3125 -4.5
v 0.25 0.4207531754730549 -4.5
v 0.25 0.4207531754730549 -3
v 0.1875 0.3125 -4.5
v 0.1875 0.3125 -3
vt 0.4609375 0.5859375
vt 0.4609375 0.5859375
vt 0.4609375 0.578125
vt 0.4609375 0.578125
vt 0.3671875 0.5859375
vt 0.4609375 0.5859375
vt 0.4609375 0.578125
vt 0.3671875 0.578125
vt 0.5546875 0.5859375
vt 0.5546875 0.5859375
vt 0.5546875 0.578125
vt 0.5546875 0.578125
vt 0.4609375 0.5859375
vt 0.5546875 0.5859375
vt 0.5546875 0.578125
vt 0.4609375 0.578125
vt 0.4609375 0.5859375
vt 0.4609375 0.5859375
vt 0.4609375 0.6796875
vt 0.4609375 0.6796875
vt 0.4609375 0.6796875
vt 0.4609375 0.6796875
vt 0.4609375 0.5859375
vt 0.4609375 0.5859375
vn 0 0 -1
vn 0.8660254037844387 -0.49999999999999994 0
vn 0 0 1
vn -0.8660254037844387 0.49999999999999994 0
vn 0.49999999999999994 0.8660254037844387 0
vn -0.49999999999999994 -0.8660254037844387 0
usemtl m_93b3682e-30aa-9dd5-c4d4-1af8637d943b
f 196/580/145 199/579/145 197/578/145 194/577/145
f 195/584/146 196/583/146 194/582/146 193/581/146
f 200/588/147 195/587/147 193/586/147 198/585/147
f 199/592/148 200/591/148 198/590/148 197/589/148
f 198/596/149 193/595/149 194/594/149 197/593/149
f 199/600/150 196/599/150 195/598/150 200/597/150
o cube
v -0.25 0.4207531754730549 -3
v -0.25 0.4207531754730549 -4.5
v -0.1875 0.3125 -3
v -0.1875 0.3125 -4.5
v -0.25 0.4207531754730549 -4.5
v -0.25 0.4207531754730549 -3
v -0.1875 0.3125 -4.5
v -0.1875 0.3125 -3
vt 0.4609375 0.5859375
vt 0.4609375 0.5859375
vt 0.4609375 0.578125
vt 0.4609375 0.578125
vt 0.5546875 0.5859375
vt 0.4609375 0.5859375
vt 0.4609375 0.578125
vt 0.5546875 0.578125
vt 0.5546875 0.5859375
vt 0.5546875 0.5859375
vt 0.5546875 0.578125
vt 0.5546875 0.578125
vt 0.4609375 0.5859375
vt 0.3671875 0.5859375
vt 0.3671875 0.578125
vt 0.4609375 0.578125
vt 0.4609375 0.5859375
vt 0.4609375 0.5859375
vt 0.4609375 0.6796875
vt 0.4609375 0.6796875
vt 0.4609375 0.6796875
vt 0.4609375 0.6796875
vt 0.4609375 0.5859375
vt 0.4609375 0.5859375
vn 0 0 -1
vn 0.8660254037844387 0.49999999999999994 0
vn 0 0 1
vn -0.8660254037844387 -0.49999999999999994 0
vn -0.49999999999999994 0.8660254037844387 0
vn 0.49999999999999994 -0.8660254037844387 0
usemtl m_93b3682e-30aa-9dd5-c4d4-1af8637d943b
f 204/604/151 207/603/151 205/602/151 202/601/151
f 203/608/152 204/607/152 202/606/152 201/605/152
f 208/612/153 203/611/153 201/610/153 206/609/153
f 207/616/154 208/615/154 206/614/154 205/613/154
f 206/620/155 201/619/155 202/618/155 205/617/155
f 207/624/156 204/623/156 203/622/156 208/621/156
o cube
v 0.25 -0.3125 -3
v 0.25 -0.3125 -4
v 0.3125 -0.42075317547305485 -3
v 0.3125 -0.42075317547305485 -4
v 0.25 -0.3125 -4
v 0.25 -0.3125 -3
v 0.3125 -0.42075317547305485 -4
v 0.3125 -0.42075317547305485 -3
vt 0.0625 0.90234375
vt 0.0625 0.90234375
vt 0.0625 0.89453125
vt 0.0625 0.89453125
vt 0 0.90234375
vt 0.0625 0.90234375
vt 0.0625 0.89453125
vt 0 0.89453125
vt 0.125 0.90234375
vt 0.125 0.90234375
vt 0.125 0.89453125
vt 0.125 0.89453125
vt 0.0625 0.90234375
vt 0.125 0.90234375
vt 0.125 0.89453125
vt 0.0625 0.89453125
vt 0.0625 0.90234375
vt 0.0625 0.90234375
vt 0.0625 0.96484375
vt 0.0625 0.96484375
vt 0.0625 0.96484375
vt 0.0625 0.96484375
vt 0.0625 0.90234375
vt 0.0625 0.90234375
vn 0 0 -1
vn 0.8660254037844387 0.49999999999999994 0
vn 0 0 1
vn -0.8660254037844387 -0.49999999999999994 0
vn -0.49999999999999994 0.8660254037844387 0
vn 0.49999999999999994 -0.8660254037844387 0
usemtl m_93b3682e-30aa-9dd5-c4d4-1af8637d943b
f 212/628/157 215/627/157 213/626/157 210/625/157
f 211/632/158 212/631/158 210/630/158 209/629/158
f 216/636/159 211/635/159 209/634/159 214/633/159
f 215/640/160 216/639/160 214/638/160 213/637/160
f 214/644/161 209/643/161 210/642/161 213/641/161
f 215/648/162 212/647/162 211/646/162 216/645/162
o cube
v -0.25 -0.3125 -3
v -0.25 -0.3125 -4
v -0.3125 -0.42075317547305485 -3
v -0.3125 -0.42075317547305485 -4
v -0.25 -0.3125 -4
v -0.25 -0.3125 -3
v -0.3125 -0.42075317547305485 -4
v -0.3125 -0.42075317547305485 -3
vt 0.0625 0.90234375
vt 0.0625 0.90234375
vt 0.0625 0.89453125
vt 0.0625 0.89453125
vt 0.125 0.90234375
vt 0.0625 0.90234375
vt 0.0625 0.89453125
vt 0.125 0.89453125
vt 0.125 0.90234375
vt 0.125 0.90234375
vt 0.125 0.89453125
vt 0.125 0.89453125
vt 0.0625 0.90234375
vt 0 0.90234375
vt 0 0.89453125
vt 0.0625 0.89453125
vt 0.0625 0.90234375
vt 0.0625 0.90234375
vt 0.0625 0.96484375
vt 0.0625 0.96484375
vt 0.0625 0.96484375
vt 0.0625 0.96484375
vt 0.0625 0.90234375
vt 0.0625 0.90234375
vn 0 0 -1
vn 0.8660254037844387 -0.49999999999999994 0
vn 0 0 1
vn -0.8660254037844387 0.49999999999999994 0
vn 0.49999999999999994 0.8660254037844387 0
vn -0.49999999999999994 -0.8660254037844387 0
usemtl m_93b3682e-30aa-9dd5-c4d4-1af8637d943b
f 220/652/163 223/651/163 221/650/163 218/649/163
f 219/656/164 220/655/164 218/654/164 217/653/164
f 224/660/165 219/659/165 217/658/165 222/657/165
f 223/664/166 224/663/166 222/662/166 221/661/166
f 222/668/167 217/667/167 218/666/167 221/665/167
f 223/672/168 220/671/168 219/670/168 224/669/168
o cube
v 0.21875 0.28125 -5
v 0.21875 0.28125 -6
v 0.21875 -0.28125 -5
v 0.21875 -0.28125 -6
v -0.21875 0.28125 -6
v -0.21875 0.28125 -5
v -0.21875 -0.28125 -6
v -0.21875 -0.28125 -5
vt 0.0625 0.5859375
vt 0.08984375 0.5859375
vt 0.08984375 0.55078125
vt 0.0625 0.55078125
vt 0 0.5859375
vt 0.0625 0.5859375
vt 0.0625 0.55078125
vt 0 0.55078125
vt 0.15234375 0.5859375
vt 0.1796875 0.5859375
vt 0.1796875 0.55078125
vt 0.15234375 0.55078125
vt 0.08984375 0.5859375
vt 0.15234375 0.5859375
vt 0.15234375 0.55078125
vt 0.08984375 0.55078125
vt 0.08984375 0.5859375
vt 0.0625 0.5859375
vt 0.0625 0.6484375
vt 0.08984375 0.6484375
vt 0.1171875 0.6484375
vt 0.08984375 0.6484375
vt 0.08984375 0.5859375
vt 0.1171875 0.5859375
vn 0 0 -1
vn 1 0 0
vn 0 0 1
vn -1 0 0
vn 0 1 0
vn 0 -1 0
usemtl m_93b3682e-30aa-9dd5-c4d4-1af8637d943b
f 228/676/169 231/675/169 229/674/169 226/673/169
f 227/680/170 228/679/170 226/678/170 225/677/170
f 232/684/171 227/683/171 225/682/171 230/681/171
f 231/688/172 232/687/172 230/686/172 229/685/172
f 230/692/173 225/691/173 226/690/173 229/689/173
f 231/696/174 228/695/174 227/694/174 232/693/174
o cube
v 0.1875 0.33537658773652734 -5
v 0.1875 0.33537658773652734 -6
v 0.15625 0.28125 -5
v 0.15625 0.28125 -6
v 0.1875 0.33537658773652734 -6
v 0.1875 0.33537658773652734 -5
v 0.15625 0.28125 -6
v 0.15625 0.28125 -5
vt 0.0625 0.90234375
vt 0.0625 0.90234375
vt 0.0625 0.8984375
vt 0.0625 0.8984375
vt 0 0.90234375
vt 0.0625 0.90234375
vt 0.0625 0.8984375
vt 0 0.8984375
vt 0.125 0.90234375
vt 0.125 0.90234375
vt 0.125 0.8984375
vt 0.125 0.8984375
vt 0.0625 0.90234375
vt 0.125 0.90234375
vt 0.125 0.8984375
vt 0.0625 0.8984375
vt 0.0625 0.90234375
vt 0.0625 0.90234375
vt 0.0625 0.96484375
vt 0.0625 0.96484375
